1	0.000819758	0.000700361	0.000840624	0.000588992	0.00144457	9.81092e-05	1.78029e-05	5.26263e-05	0.0017294	0.00163656	0.00187695	0.000285713	0.000152725	9.34366e-05	0.000322903	6.48759e-05	0.000165906	0.000801295	4.68791e-05	0.000161316	0.000490525	3.9432e-06	5.42225e-05	0.0001472	3.94621e-05	1.08221e-05	6.49193e-06	3.03301e-05	6.51006e-05	2.59918e-05	7.38666e-05	4.3275e-06	2.16353e-06	2.3189e-09	0.000617615	0.000203508	0.000218306	0.000361282	1.42919e-06	0.000363819	0.000209984	2.78827e-05	0.000510933	0.00137247	0.000875029	0.000279847	0.000498846	0.00071507	0.169285	0.000235658	0.000293637	0.000123212	0.00019118	9.30386e-05	1.46212e-10	2.70732e-07	0.00030509	2.10726e-06	0.000897218	0.000323439	1.30789e-05	1.38334e-05	0.000276318	0.0224944	8.52537e-06	4.02668e-05	0.000108386	4.93534e-05	1.11418e-05	0.000201035	2.89932e-05	2.28671e-05	7.82409e-05	1.11418e-05	4.45531e-06	4.45531e-06	2.22742e-06	2.22742e-06	2.22742e-06	4.45531e-06	2.22742e-06	1.18054e-07	9.40133e-06	7.38243e-05	0.000170441	0.000481532	0.000517956	0.000134646	0.000111576	0.000195138	5.01947e-07	0.000324839	0.000145765	8.15173e-11	7.46398e-05	4.18787e-07	2.81516e-05	7.31049e-05	0.000122867	1.96268e-05	2.61772e-05	0.0105682	2.31146e-06	0.000116648	2.18098e-05	nan	1.08993e-05	2.17895e-06	0.000157291	0.000580916	0.000331419	0.00112042	0.000261179	5.26628e-05	7.60506e-05	6.01656e-06	0.000211467	0.0277865	0.000988333	0.000229652	0.000920342	1.93053e-05	0.000184621	1.27918e-05	4.19483e-06	1.73343e-05	0.000126471	0.000153971	0.0179924	2.16723e-05	8.66353e-06	4.33087e-06	2.16521e-06	0.000215377	3.46805e-05	0.000782124	0.00932378	0.000479258	1.81825e-05	0.000338831	0.000599131	0.00045995	1.28107e-05	3.25832e-06	0.000403813	1.0376e-05	0.000105231	0.000133667	0.00033154	7.24785e-05	3.25152e-05	8.99995e-06	nan	0.0675837	0.000685221	0.00181589	0.00146037	0.000736416	0.000626002	6.10624e-05	0.00108629	0.00173498	0.00187211	0.000250929	6.12264e-05	0.00015865	0.0001064	4.34047e-05	1.08343e-05	3.25366e-05	0.0013019	0.000458476	0.0032991	0.000670929	0.00146204	0.00145795	8.72269e-05	4.71138e-05	0.00160377	0.00171682	1	0.000137915	3.35175e-05	4.64963e-05	0.00176819	0.00177266	0.00176157	0.00442045	0.00177559	0.00166191	0.00147655
0.000819758	1	0.00430515	0.00369083	0.00227145	0.00743315	0.00132124	0.000365724	0.0021514	0.00886801	0.0110839	0.0104957	0.000595531	0.000279824	8.0838e-05	0.00039891	9.0013e-05	0.00349495	0.00136034	0.00132073	0.000387827	0.00173889	0.000113241	0.000132295	0.000218543	0.00032785	6.29115e-05	3.77391e-05	2.42887e-05	6.45758e-05	0.000151097	8.92702e-05	2.51568e-05	1.25771e-05	0.00111348	0.00124801	0.00198211	0.000395195	0.001445	9.16678e-05	0.000135688	0.000813183	0.000231938	0.00208968	0.0978808	0.000951939	0.00127222	0.0009039	0.0061591	0.000100311	0.00104027	0.000361934	0.000189086	3.0972e-05	0.000451436	0.00101088	0.00304834	0.000150049	9.89958e-06	8.14142e-06	0.0114293	0.000381491	0.0346757	0.000360094	4.2208e-06	0.000271257	0.000170183	0.000212792	0.0306508	0.00236774	3.98914e-05	2.18484e-05	6.45881e-05	6.45249e-08	6.39692e-05	0.000300491	2.55796e-05	1.27884e-05	1.27884e-05	1.27884e-05	2.55796e-05	1.27884e-05	0.00230043	0.000400182	5.67086e-05	0.0030223	0.000445387	3.4679e-05	0.00035401	0.000958783	3.88522e-05	8.32404e-07	9.82001e-06	1.50601e-06	0.00121158	5.00087e-05	0.00771478	0.000184232	0.000125359	0.000319283	0.000425521	1.0746e-05	0.000617819	0.000169065	0.000408999	0.000126291	nan	3.65485e-05	0.000768609	0.00147871	0.000373551	0.00227445	0.000922897	2.32511e-06	0.000839888	0.00138407	0.000428526	0.00103531	0.00315273	0.0575937	1.84317e-05	0.00114627	0.000581959	2.3115e-05	0.000929191	0.000451008	9.85085e-07	0.00647244	0.00173995	4.27491e-05	7.29169e-05	5.07959e-05	2.53927e-05	1.2695e-05	0.00246886	0.000476158	0.00286609	5.58132e-05	0.0329883	0.000274801	0.00316256	0.000543293	2.4892e-08	0.000538073	2.50981e-05	0.000250975	0.00101252	0.00151773	0.00024241	0.000213562	9.27178e-06	3.53385e-05	5.10449e-05	nan	0.0104225	0.876237	0.00848721	0.00408659	0.00358794	0.0042561	0.00225239	0.00548662	0.010916	0.0103579	0.000695128	9.64116e-05	0.00342127	0.105584	3.43105e-06	6.28557e-05	0.000110915	0.00364572	0.00293628	0.218914	0.00377479	0.00491329	0.0093353	0.00131367	0.00225249	0.00893388	0.011011	0.00088789	0.00343437	0.000354109	1.10891e-05	0.00706895	0.00698177	0.006927	0.0244901	0.00699769	0.401508	0.00398574
0.000700361	0.00430515	1	0.00869672	0.00721094	0.0130973	0.00068823	0.000446408	0.00482879	0.0130946	0.0160568	0.0155708	0.000975855	0.000936302	0.000498993	0.000418748	0.000186948	0.00503169	0.00275871	0.00234171	0.000360886	0.00194527	0.0004703	6.14965e-05	0.00082677	0.000181778	0.000103969	6.23685e-05	1.39188e-05	4.5815e-05	1.94774e-06	0.000239205	4.15747e-05	2.07852e-05	0.000658747	0.00429361	0.000246948	0.019969	0.0772914	0.000778325	0.000323742	0.00192595	3.49453e-05	0.000187277	0.000117193	0.00295134	0.00180827	0.00132729	0.00717835	0.000215575	0.000233794	0.000259893	0.000591842	0.000181486	0.0011665	0.00136649	0.00025661	0.000317404	0.00142042	0.000283681	0.000145426	0.000182218	0.00028894	0.000243139	7.88164e-05	0.000444285	0.000476775	0.000876702	0.000258159	0.000146717	0.00857834	9.54729e-05	0.000435535	3.86805e-06	7.47675e-07	4.31117e-05	4.31117e-05	0.000420389	2.15535e-05	2.15535e-05	4.31117e-05	2.15535e-05	0.0137669	3.49125e-07	0.000481215	0.00372628	2.96007e-05	0.00083552	0.000218495	0.000752839	0.000117304	0.000348605	0.000288884	0.000197606	0.00029291	1.60429e-05	4.81548e-05	0.000570745	0.000544631	2.6918e-05	0.000127277	3.38102e-05	7.39851e-05	0.000646295	0.000759431	1.83988e-06	nan	0.000104315	2.08544e-05	7.09293e-06	0.00658093	0.0201607	0.00738266	0.00193216	0.000995559	0.000103818	0.000816636	0.000638126	4.26089e-06	0.0530799	0.000462566	0.00340075	0.000667596	0.000183107	0.00119905	0.0016059	1.68676e-05	0.000160906	0.000855077	9.60874e-05	4.31461e-05	8.37443e-05	4.18635e-05	2.09296e-05	0.000196179	0.00173028	0.0126285	0.000585304	0.00302981	0.00027851	0.00323731	0.000752989	0.000319576	5.39609e-05	5.79618e-07	0.000692854	0.000790244	0.000862321	0.000389923	0.000933372	1.41355e-05	8.79759e-06	0.000252707	nan	0.0165742	0.00385104	0.031658	0.358233	0.00881076	0.00512832	0.00477579	0.00790718	0.0161342	0.0150264	0.00131191	0.000201823	0.00496403	0.000506569	0.000418144	0.000146861	0.000313446	0.320515	0.268757	0.0233762	0.00903772	0.0110346	0.0154421	0.00067258	0.0047105	0.0129191	0.0159841	0.000807297	0.00519799	0.000216494	0.000258804	0.629101	0.628552	0.629827	0.0391308	0.628282	0.0138897	0.371136
0.000840624	0.00369083	0.00869672	1	0.0049231	0.0118802	0.000672433	0.000618991	0.0038379	0.00856471	0.0143061	0.0148428	0.000488977	0.00105726	0.000199146	0.000719283	0.000704161	0.00172937	0.00191638	0.000367943	8.88156e-05	0.0012022	0.000407961	1.46242e-05	0.000171243	9.9151e-05	8.28137e-05	4.9678e-05	0.000232094	0.000298727	0.000198897	0.000159997	0.000188277	1.65559e-05	0.000141868	0.00251413	0.0011805	0.00085154	0.0329599	0.0233405	0.016333	0.00365599	0.000149682	0.00037198	0.00029715	0.00518693	0.00136499	0.00126363	0.00530306	0.000555413	1.65297e-05	0.000166453	0.000234358	3.79079e-05	0.000342743	0.000164005	0.000101625	0.000576116	1.22195e-05	0.0001552	0.000458556	6.90646e-06	0.000283846	3.74691e-06	9.89736e-06	7.90933e-06	0.000411078	6.80201e-05	0.000423782	8.39862e-05	1.13073e-05	4.90234e-05	0.000149413	0.00374307	8.39862e-05	3.35838e-05	3.35838e-05	1.67901e-05	1.67901e-05	1.67901e-05	3.35838e-05	1.67901e-05	0.00184275	0.000254922	0.000543816	0.00237301	8.60611e-07	0.00143841	2.85477e-05	0.00110066	0.00143695	3.5325e-05	7.76601e-05	4.3984e-05	0.00107198	4.63104e-05	0.000601903	7.43455e-05	0.000171773	0.000162467	0.000149616	0.000199549	9.94804e-05	7.03464e-05	0.000150153	1.73589e-05	nan	8.30853e-05	1.66102e-05	0.00545225	0.00294117	0.00244358	0.0067311	0.0442819	0.0112537	0.00102137	4.37532e-05	0.000135761	0.00219267	0.00150936	0.00395311	0.00536746	0.000158722	1.23449e-05	0.000953638	0.000512976	3.15522e-06	2.32312e-07	6.84423e-06	2.08735e-05	1.74043e-05	3.19657e-05	3.33297e-05	1.66631e-05	4.53603e-05	0.0386398	0.00269454	0.00684525	0.000682596	0.00116183	0.00353086	0.000756323	7.7763e-07	9.95912e-06	4.45568e-05	0.000167227	0.000267703	0.00143944	0.000196741	0.00109505	0.00314234	5.28776e-08	3.27991e-05	nan	0.0131625	0.002711	0.0126439	0.00919386	0.984905	0.00367516	0.00402062	0.00513621	0.0142431	0.0143387	0.000838028	0.000723051	0.00168196	0.00082575	3.47944e-05	8.30829e-05	2.3845e-06	0.00896704	0.00291118	0.0209422	0.947624	0.00897983	0.0122299	0.00057395	0.00397881	0.00857124	0.0141744	0.000878727	0.00166321	3.5024e-05	0.000175149	0.0126707	0.0125747	0.0124929	0.0339841	0.0125969	0.531519	0.00881667
0.000588992	0.00227145	0.00721094	0.0049231	1	0.0122582	0.000363576	0.000281218	0.00231505	0.00829517	0.0118012	0.0135511	0.000361801	0.000669175	0.000296791	0.000602606	0.000102057	0.00319196	0.00291519	0.000553385	0.000945107	0.000612035	0.000907868	0.000389987	0.00132276	0.000211807	7.78363e-05	4.66922e-05	0.000218144	0.000270162	2.97607e-05	0.000327453	3.11249e-05	1.55608e-05	0.000101414	0.000593477	0.0039577	0.0185224	6.27969e-06	0.000184958	0.00830993	0.0125858	0.000244351	0.000564359	0.00324597	0.00335795	0.00152069	3.90976e-05	0.0078008	0.000134753	2.0742e-05	0.00814048	0.00018058	6.18882e-05	0.000121581	0.00134329	3.34708e-05	0.00031274	0.000155	8.16235e-05	0.000572441	0.000194038	0.000164841	0.000132591	2.87644e-06	5.95236e-06	0.00034612	0.000351617	0.000138748	7.92931e-05	0.000249158	2.88821e-06	0.000664999	8.22431e-07	7.92931e-05	3.17072e-05	3.17072e-05	1.58519e-05	1.58519e-05	1.58519e-05	0.000220069	1.58519e-05	0.000537418	0.000571062	0.00248674	0.00493956	0.000112279	0.00106736	6.66526e-05	0.00424763	0.00141873	1.83569e-05	2.8382e-05	0.00110698	1.38032e-05	0.000100769	0.000523278	8.27828e-06	0.00047514	1.25572e-05	5.54798e-06	0.00365298	6.11071e-05	3.45206e-05	0.000233737	0.000156481	nan	7.81999e-05	1.56335e-05	0.011193	6.52831e-05	0.00162827	0.00260123	0.000647818	0.000165531	0.000234527	0.000298677	0.000481755	0.000154084	0.00423685	0.00214912	0.00384815	5.50593e-05	2.35765e-05	0.00106021	0.00132252	8.18031e-05	0.000524605	0.0377448	2.24396e-06	1.19187e-05	6.24209e-05	0.00121393	1.56004e-05	0.00285328	4.43316e-05	0.00029617	0.000967825	3.21553e-05	0.000141797	0.00377447	0.000292437	0.000190937	0.000480057	0.00161055	0.000213249	0.000296059	0.00101171	2.72958e-05	0.000351745	2.34258e-05	1.78872e-05	4.12795e-05	nan	0.0144415	0.00191445	0.409342	0.00670189	0.00501227	0.00298411	0.00247151	0.0051046	0.0117932	0.0132938	0.000751777	0.000112305	0.00314979	0.000366559	0.000128339	7.82156e-05	6.3507e-05	0.00831405	0.00475232	0.0177592	0.00516977	0.597526	0.0138965	0.000359093	0.00244325	0.0082455	0.0117605	0.000530184	0.00313279	0.000242061	0.0211746	0.0140579	0.0140914	0.0140089	0.0334445	0.0141127	0.00757519	0.00603268
0.00144457	0.00743315	0.0130973	0.0118802	0.0122582	1	0.0027387	0.000283173	0.00432201	0.0131925	0.0211171	0.0206019	0.00145727	0.00179682	3.57045e-05	0.000447857	0.000834188	0.00394852	0.00457925	0.00104033	0.000316655	0.00108766	0.000450092	0.000144735	0.00117793	0.000163903	0.000130991	1.76044e-05	0.000171902	0.000787982	7.04832e-05	1.37745e-05	5.23804e-05	2.61875e-05	0.0140385	0.17355	0.00229972	4.86425e-05	0.00100707	0.00080975	0.000374448	0.000232714	0.00957241	0.00129021	0.00404858	0.00279192	0.00283835	0.00256679	0.0104293	1.07919e-05	0.00253649	0.0011219	1.62484e-06	0.000296128	0.000817829	0.00150404	0.00111657	9.93226e-05	2.49925e-06	1.6868e-05	0.00078748	0.000527862	0.00100307	0.00059711	0.000312204	5.16637e-06	0.000690003	0.000196871	0.000253381	1.73227e-06	0.000433001	1.79304e-07	0.000134968	1.833e-05	8.00149e-05	5.35977e-05	5.35977e-05	2.6796e-05	2.6796e-05	2.6796e-05	5.35977e-05	0.000315544	0.00134509	0.00244288	9.53347e-05	0.00485423	0.000820851	0.0223819	0.000874646	0.000150708	2.21718e-05	0.000125644	0.000771943	5.30979e-05	0.000303933	0.00161216	3.7296e-05	0.00052024	0.000137676	0.000565804	6.27568e-08	0.000125557	0.000470912	0.00022875	0.000722428	8.15806e-05	nan	0.000131251	2.62393e-05	2.79235e-05	0.108544	0.000364432	0.0117886	0.00232941	0.000729483	1.77597e-05	0.035922	6.69142e-05	0.00423478	0.00403607	0.000638693	0.00097941	0.000424731	0.000308554	0.00206456	0.00240247	2.41184e-06	0.000476916	0.000106534	0.000349315	3.44378e-06	0.000155103	5.26045e-05	2.62995e-05	0.0346733	0.000472034	0.00170183	0.00192749	2.37507e-06	0.00015995	0.00232699	0.000844808	0.000450073	5.12272e-05	0.000402691	9.99346e-07	0.00097266	6.50245e-05	0.000499039	0.000812829	3.82892e-06	0.000186684	1.31046e-06	nan	0.803819	0.00582375	0.0224438	0.0151136	0.0119605	0.00802169	0.00418696	0.00756861	0.0209173	0.0201848	0.00177651	0.000690862	0.00384582	0.00156585	0.000163348	0.00013116	0.00544907	0.0136759	0.00596098	0.0311951	0.0130102	0.0161639	0.888438	0.00272847	0.00429296	0.0130935	0.0210264	0.00133039	0.00385223	0.000345909	0.000207646	0.021083	0.0211368	0.0212477	0.322735	0.0211722	0.0205122	0.0145923
9.81092e-05	0.00132124	0.00068823	0.000672433	0.000363576	0.0027387	1	0.000194112	0.000485072	0.00129418	0.00279146	0.00262609	0.000237009	0.000129411	1.03663e-06	0.000215889	1.264e-05	0.000378015	0.000597578	1.28878e-07	0.000199546	0.000331152	1.68837e-05	6.70725e-05	4.19488e-05	1.72472e-05	1.33868e-05	8.03043e-06	3.75179e-05	8.05287e-05	0.000161897	5.63176e-05	5.35307e-06	2.67626e-06	0.000205984	0.000610531	0.000761547	0.000223315	0.000236717	5.90455e-06	0.000423534	0.00370449	0.00154339	4.64096e-05	8.77126e-05	1.44169e-05	0.000117267	0.000318711	0.000440596	5.01324e-05	0.000215596	5.99001e-05	0.000151063	3.20001e-05	1.311e-09	7.81906e-05	0.00027545	0.000374053	0.000201137	5.76751e-06	1.45392e-05	6.25655e-07	0.000187027	1.69596e-05	0.000106935	1.00242e-05	7.27473e-05	2.17074e-05	0.000162118	1.36603e-05	0.000267615	3.55469e-05	8.21793e-05	9.59268e-05	1.36603e-05	5.4624e-06	5.4624e-06	2.73091e-06	2.73091e-06	0.00395975	5.4624e-06	2.73091e-06	5.21627e-05	9.33611e-05	1.12569e-05	0.000818565	8.34783e-06	0.000244084	1.53607e-05	8.76717e-05	1.05246e-05	0.00013818	6.05534e-06	0.000383192	2.23298e-05	3.86144e-05	0.000247587	1.93677e-07	2.29207e-05	1.66707e-05	2.42785e-05	3.23814e-05	7.02617e-05	0.000860402	4.29046e-05	0.000223637	nan	1.34825e-05	2.69538e-06	0.000433222	0.000745178	0.000532009	4.2312e-05	1.58993e-06	5.55951e-05	1.24859e-06	0.00153611	0.00361715	0.000491655	0.00028771	2.32385e-05	2.30583e-05	5.55839e-05	3.33556e-05	0.000535796	0.000209608	2.14836e-05	1.91494e-05	0.000182795	0.000110482	2.68601e-05	1.07373e-05	5.36756e-06	0.00388076	0.00225886	0.000349958	0.00142433	0.00296985	3.50827e-07	1.73291e-05	0.000692805	0.000231635	0.000272964	5.26808e-05	0.000297904	0.00086953	9.13175e-06	2.95339e-08	0.000163331	0.000157897	8.92188e-05	0.000173834	1.09973e-05	nan	0.00292042	0.00124472	0.00112864	0.00127095	0.000570184	0.245982	0.000499521	0.000536292	0.0027147	0.00241184	0.000370784	1.33508e-05	0.000358019	4.812e-05	4.95256e-05	1.33021e-05	3.99475e-05	0.000937847	0.000276991	0.00472119	0.000599851	0.00114258	0.00264558	0.995929	0.000388681	0.00136472	0.00287635	8.58364e-05	0.000360579	1.18484e-05	5.88436e-05	0.00131713	0.00132157	0.00131043	0.00680437	0.00132486	0.00192193	0.00128703
1.78029e-05	0.000365724	0.000446408	0.000618991	0.000281218	0.000283173	0.000194112	1	0.000142772	0.000310762	0.0005835	0.000435359	0.000168952	9.02335e-06	3.33467e-05	8.16703e-07	8.95079e-05	7.37926e-05	0.000105794	1.70843e-06	5.75724e-05	0.000244047	4.50494e-05	1.93515e-05	0.000115241	2.01277e-05	3.86232e-06	2.31691e-06	1.08245e-05	2.32339e-05	9.27627e-06	1.62486e-05	1.54445e-06	7.72145e-07	0.000103981	0.000172656	0.000111387	0.000381196	0.000341621	0.0377166	8.46384e-05	0.000226525	7.01858e-06	2.8671e-05	0.000305701	0.000414856	3.45236e-05	0.000533481	0.000290597	7.64968e-06	0.000206137	0.000458332	0.00180309	5.73391e-05	9.20693e-05	4.41232e-05	0.000269956	0.000106462	0.000198802	2.41719e-05	3.386e-07	5.64279e-05	5.32311e-05	0.0186306	3.04356e-05	6.81128e-05	6.82426e-05	9.8449e-05	4.61416e-05	3.88796e-06	1.29899e-05	1.01173e-05	0.000297865	2.73024e-05	3.88796e-06	1.55469e-06	1.55469e-06	7.77264e-07	7.77264e-07	7.77264e-07	1.55469e-06	7.77264e-07	0.000248812	6.71199e-06	4.77576e-05	0.000222193	2.61666e-05	0.0001631	3.92559e-08	0.000298661	3.20414e-06	0.000105974	0.016914	1.34383e-05	8.98177e-05	0.00013543	7.14282e-05	6.11797e-05	4.88826e-06	4.38481e-05	7.0043e-06	9.34198e-06	2.02704e-05	3.20147e-05	8.8901e-05	7.78337e-06	nan	3.88967e-06	7.77611e-07	6.89982e-05	4.83927e-05	0.000512204	0.000634785	0.000197465	0.0164928	0.000229553	1.62622e-05	0.0020098	0.000348347	0.000689164	7.25133e-06	0.000618567	0.000467039	5.46158e-05	6.46303e-05	5.56844e-06	6.07519e-06	4.43245e-05	0.000269896	3.12424e-05	7.59556e-06	3.03633e-06	1.51785e-06	7.58847e-07	0.000354081	0.000155982	8.7264e-05	0.000365858	0.000774487	1.6334e-05	5.08871e-05	2.35857e-08	5.74588e-07	4.18793e-05	0.000181215	0.000130439	2.0414e-05	0.00656359	4.70384e-05	0.000326441	8.2788e-05	0.000328038	3.16716e-06	nan	0.000334696	0.000416438	0.0008757	0.0338814	0.000474907	0.000563367	5.5293e-05	5.33231e-05	0.000585814	0.000624691	5.49682e-05	8.53491e-05	7.25284e-05	4.20917e-07	1.55699e-05	3.88644e-06	1.16714e-05	0.0376602	0.000383283	0.00119859	0.000384261	0.000531192	0.000303752	0.0001944	5.42761e-05	0.000310137	0.000584216	1.55196e-05	7.19132e-05	2.18024e-05	1.71198e-05	0.0221264	0.0221068	0.0221634	0.000979412	0.022068	0.00089651	0.0352696
5.26263e-05	0.0021514	0.00482879	0.0038379	0.00231505	0.00432201	0.000485072	0.000142772	1	0.00332327	0.00426321	0.00484157	3.85557e-05	0.000718315	1.67785e-05	0.000592736	0.000179674	0.000330701	0.00065231	0.000331939	0.000297258	0.000834946	9.634e-06	0.000164133	0.000436278	0.000131168	3.27588e-05	1.96512e-05	9.181e-05	4.13158e-05	7.86781e-05	0.000137815	1.30995e-05	6.54906e-06	0.000982484	0.00235933	0.000173381	2.95861e-06	0.00164156	0.00031959	4.20334e-06	0.00144238	0.000203798	0.000234237	0.00295722	5.25043e-05	0.00151282	9.23493e-05	0.0023116	0.000554005	0.00260542	0.000349325	4.52793e-06	0.000451278	0.000268287	0.000696285	2.34861e-07	7.48854e-05	0.00576469	0.000208003	0.000426471	6.83456e-06	3.60801e-05	9.57472e-06	7.03019e-06	2.11995e-05	9.10157e-06	0.0673087	1.15999e-05	0.000171039	0.000161064	8.70608e-05	0.000201272	6.70297e-05	3.34566e-05	1.33784e-05	1.33784e-05	6.68849e-06	6.68849e-06	6.68849e-06	1.33784e-05	6.68849e-06	0.00248369	0.000384871	0.000958102	0.000314934	9.88425e-05	0.00147052	0.00104119	4.58492e-05	0.000958436	0.000118969	0.000318299	0.000164611	9.81751e-07	0.000311234	4.91177e-05	0.00018213	2.94701e-05	7.1515e-05	5.92015e-05	7.89599e-05	2.4039e-05	0.000853746	0.000242672	2.57878e-05	nan	3.28761e-05	6.5725e-06	4.3577e-06	0.000458921	0.000230256	0.00157135	0.000972011	0.00053871	6.73059e-05	0.000125435	0.00137885	0.000177189	0.00111766	0.0012668	0.00372048	1.43149e-05	0.000453557	0.000398258	0.000427814	5.53657e-05	1.41547e-05	0.000101519	1.21408e-05	6.62978e-05	2.65026e-05	1.32486e-05	6.62359e-06	0.00158152	0.000226614	0.000204204	0.000357513	0.0147801	4.51851e-11	0.000977868	0.000255427	2.14439e-05	0.000131523	0.00253277	0.000265672	5.74579e-05	0.000331138	1.45901e-05	0.000284753	1.06966e-05	7.7103e-10	2.65173e-05	nan	0.0049023	0.00202013	0.0073242	0.00355051	0.00388528	0.00109913	0.972784	0.00270058	0.00425474	0.00475716	0.000145785	0.000186782	0.000318659	0.000106162	0.000131839	3.29086e-05	6.75735e-07	0.00331708	0.00270486	0.00784296	0.00410136	0.00472048	0.00508661	0.000480331	0.981224	0.0032813	0.00421621	3.91291e-05	0.000311319	0.000101865	0.000144693	0.0064552	0.00646983	0.00643377	0.011967	0.00647883	0.00641168	0.00355859
0.0017294	0.00886801	0.0130946	0.00856471	0.00829517	0.0131925	0.00129418	0.000310762	0.00332327	1	0.0205902	0.0220931	0.00229886	0.00142726	0.000656953	0.00089343	0.000329526	0.00349805	0.0029	0.000669402	0.00010796	0.00250871	0.000516217	2.5814e-06	0.00114017	0.000137193	5.15214e-07	7.45619e-05	0.000154444	4.57979e-05	0.000298525	6.20528e-06	8.91192e-05	2.48489e-05	0.00185907	0.00428487	0.00214915	0.00837683	0.00441002	0.000540749	0.00079511	0.00190782	0.000234542	0.0893932	0.00402011	0.00954526	0.158012	0.122045	0.012665	0.00123462	0.000152264	0.000223254	0.000179943	0.000582925	0.0110259	0.000392579	0.00319647	0.000355063	0.00130136	0.000725238	2.39725e-08	0.0143307	5.44884e-05	5.6906e-05	0.000161183	0.000268491	0.0274875	0.000625437	0.00030162	5.70596e-07	8.44865e-06	0.00116157	0.000218274	9.95821e-05	5.70596e-07	5.09846e-05	0.000685029	2.54896e-05	0.000342478	2.54896e-05	9.0561e-05	2.54896e-05	1.12179e-06	0.00209946	0.00175004	0.000179609	0.0201416	0.00391294	0.0221596	0.000911327	0.000414264	3.91498e-05	3.89282e-05	0.000695569	1.96751e-05	0.0375026	0.000662325	0.0052136	7.62063e-05	5.2904e-05	3.40685e-07	1.46111e-05	0.000137935	0.000303818	0.000250985	0.000249703	nan	5.26519e-07	2.49471e-05	0.00192183	2.69685e-05	0.00548152	0.0114848	0.00455911	0.000843972	9.60759e-05	0.00136322	0.000387584	0.146678	0.00802103	8.47092e-05	0.010003	0.0101739	0.000458358	0.100743	0.00425689	3.43515e-05	0.000299998	0.003143	0.000189025	0.000817115	9.98006e-05	4.98899e-05	2.49424e-05	0.0020649	0.000240168	0.00036895	0.000261921	0.00534959	1.60566e-06	0.000512475	0.0592785	0.00777926	0.000476626	0.000254385	1.05632e-05	0.0440969	0.000952699	8.38836e-05	0.00229567	0.000271801	0.000194398	0.000101715	nan	0.016044	0.00823991	0.0195904	0.0126641	0.00869865	0.219988	0.00350901	0.631151	0.0206961	0.0215069	0.00249144	0.00034595	0.00382501	0.000617928	0.000497496	4.74962e-07	1.42636e-06	0.0114593	0.00673422	0.0377048	0.0091077	0.0133755	0.0139824	0.00138543	0.00349613	0.999455	0.0205342	0.00160598	0.00371924	7.67107e-05	2.23618e-06	0.0198375	0.0196148	0.0195955	0.0465925	0.0192414	0.0187021	0.0120415
0.00163656	0.0110839	0.0160568	0.0143061	0.0118012	0.0211171	0.00279146	0.0005835	0.00426321	0.0205902	1	0.0286096	0.00172424	0.002348	0.000122044	0.00164228	0.00129781	0.00611276	0.00387033	0.00165759	0.00120826	0.00286552	0.0004533	0.000181179	0.00102605	0.000206489	1.75137e-05	0.000106548	3.49608e-05	0.000461207	7.82698e-05	0.000523069	7.10247e-05	3.55087e-05	0.00441424	0.0040238	0.00237768	0.00957274	0.0117935	0.00186705	0.00167459	0.0070397	0.00143098	0.00262034	0.00268945	0.0216263	0.00251604	0.00253884	0.504064	0.00208102	0.000766118	0.000355124	0.000284649	0.00155183	0.00061712	0.000554638	0.00165847	0.00111957	0.00131617	0.00012761	1.94679e-07	0.000519587	0.000294807	0.000258867	0.000124907	0.000599561	0.000758312	0.000626092	0.000280258	0.000181968	0.000235667	2.05125e-05	4.34974e-05	0.000125761	0.000181968	7.27641e-05	3.72729e-05	3.63782e-05	3.63782e-05	0.000215061	3.72729e-05	3.63782e-05	0.0137752	0.00399038	0.00250149	0.184019	0.000632386	0.0152173	0.000641875	0.00167129	0.00135811	6.8432e-05	0.000967269	0.000833304	0.000543785	0.00203429	0.000423633	0.000146814	0.00570316	0.00181495	0.000321113	0.000218561	4.05978e-05	0.000252532	6.09752e-05	3.52892e-05	nan	0.00257314	3.56496e-05	0.00523822	0.00973867	0.000127306	0.351669	0.00740838	0.00280721	0.000326751	0.0036131	0.00333182	0.00605516	0.00632786	0.00188229	0.0211084	0.000624727	0.00136863	0.000784494	0.000963312	5.84595e-06	0.000900694	0.00145246	0.000252984	3.53433e-05	2.92176e-06	7.14666e-05	0.000210661	0.00490632	0.0012064	0.00389915	0.00590605	0.00111422	0.000765728	0.182701	0.00029571	3.51565e-07	0.00368341	0.00143093	0.000236005	0.00134725	0.00319149	0.0138321	0.000214635	0.00217466	8.14173e-05	3.08895e-06	nan	0.0265152	0.00959531	0.0297947	0.0155079	0.014675	0.00986561	0.00436787	0.0128516	0.997909	0.0278349	0.00184904	0.00134032	0.00614852	0.0011889	5.31112e-07	0.000178531	5.32555e-05	0.0136292	0.00863544	0.0461619	0.0160268	0.0199946	0.0240126	0.00291369	0.00429676	0.0207062	0.998327	0.0017226	0.00609685	0.000260534	0.000222812	0.0240071	0.0240748	0.0239085	0.0671848	0.0241216	0.0275272	0.0148206
0.00187695	0.0104957	0.0155708	0.0148428	0.0135511	0.0206019	0.00262609	0.000435359	0.00484157	0.0220931	0.0286096	1	0.00149011	0.00148939	0.000677091	0.00197233	4.20956e-06	0.00596036	0.00535304	0.00155793	5.77749e-05	0.00200024	0.000228437	0.000447693	0.00128831	0.000319539	0.000172144	0.000182525	3.04521e-05	0.000180611	0.000207721	1.96675e-09	6.88362e-05	0.0002141	0.000112198	0.00562842	0.000192275	0.00268028	0.0071422	0.000213494	0.00158209	0.00314309	0.000536439	0.00131721	0.00270698	0.284209	0.00561881	0.00381583	0.0128359	0.000394285	6.98284e-05	0.000161694	0.000761508	6.59208e-07	0.00103848	0.00189071	0.000210569	0.000281837	0.000614982	0.000119748	0.000564398	0.000495266	0.000367268	0.00020678	0.000430236	0.000351528	0.000505602	0.000423601	0.000264145	0.000178173	7.0343e-05	0.000100888	0.000190896	0.000318557	0.000178173	3.838e-05	7.12466e-05	3.56195e-05	3.56195e-05	3.56195e-05	3.838e-05	3.56195e-05	0.000597154	0.000154629	2.27693e-05	0.0050919	0.000771725	0.0262974	1.32897e-05	1.92898e-06	0.00105069	0.000363029	0.000144617	1.63584e-08	0.00464978	0.00167437	0.000798644	0.0006177	0.000244181	4.83284e-05	0.000311619	1.11234e-05	3.26536e-06	0.000109378	0.00020507	7.72609e-07	nan	0.00017305	0.000214632	0.000905929	0.00826089	0.00317001	0.0133876	0.00298887	0.00183026	0.000306704	0.00179029	9.93401e-05	0.00673716	0.00483212	0.000876724	0.235312	0.00108153	1.50252e-06	0.0038341	0.00281771	0.000277873	0.000120759	0.000808753	0.00034229	3.17291e-05	0.000138879	6.9425e-05	3.47089e-05	0.0060248	0.000239741	0.0343409	0.00277429	0.000619736	0.000244712	0.00850503	0.00187642	0.000737899	4.76943e-06	0.00205476	0.000240714	0.00133547	0.00905705	0.0002883	0.00137385	0.000437832	0.00029037	0.000140778	nan	0.0237728	0.00917113	0.0283055	0.0176596	0.0148469	0.00779553	0.00479001	0.0157011	0.0287103	0.976544	0.000104764	7.93409e-06	0.00583565	0.00122986	0.000292534	0.00017255	0.000304856	0.0161708	0.00773896	0.619466	0.0145587	0.0195521	0.0221488	0.00249175	0.00501953	0.0220662	0.0289239	0.00173628	0.00585815	0.000245005	0.000210123	0.0255964	0.0256647	0.0257714	0.428295	0.0257107	0.0270628	0.017084
0.000285713	0.000595531	0.000975855	0.000488977	0.000361801	0.00145727	0.000237009	0.000168952	3.85557e-05	0.00229886	0.00172424	0.00149011	1	0.000177763	0.000100599	0.000166419	0.000128833	0.000654737	0.000428404	0.000357326	0.000173681	0.000537981	6.52172e-06	5.83787e-05	5.11969e-05	6.07202e-05	1.16516e-05	6.98954e-06	0.000163165	1.82172e-05	2.79842e-05	4.90178e-05	4.65921e-06	2.32937e-06	1.67141e-05	0.000429009	0.000437164	0.00146289	0.000524581	4.36082e-06	0.000377745	1.33204e-06	0.000132855	0.000267477	0.000394058	0.00123927	0.00115451	0.00023179	0.000618774	4.11899e-05	0.0108089	4.74958e-05	3.55989e-06	0.000158887	0.000278944	8.62859e-05	0.00202374	0.000147165	4.74116e-06	1.69361e-05	0.000116235	0.000170961	1.9782e-05	5.97285e-06	2.89288e-06	0.0696074	0.000206756	0.000208617	0.000139796	1.17794e-05	6.40237e-05	3.06525e-05	0.06211	0.000217972	1.17794e-05	4.71028e-06	4.71028e-06	2.35489e-06	0.00474913	2.35489e-06	4.71028e-06	2.35489e-06	3.00572e-05	1.03811e-05	0.00132261	0.000879661	6.46564e-07	0.000375182	6.9233e-05	0.000298431	5.56312e-06	0.000119118	9.49588e-05	0.000182654	0.00336235	0.000264526	5.32146e-05	0.000298611	8.32566e-05	4.27304e-05	2.09294e-05	2.79146e-05	0.000379989	1.18401e-06	9.95708e-06	2.32573e-05	nan	1.16226e-05	2.32356e-06	0.0157369	0.000423352	1.76526e-05	0.000712924	8.63654e-05	0.00292273	0.000677232	0.00011786	2.64266e-06	0.000694484	0.000722084	0.000180204	0.000822007	0.000130497	0.000161284	0.000581754	0.000340078	1.88564e-05	8.54503e-06	0.00330348	9.4468e-07	2.35755e-05	9.42431e-06	4.71118e-06	2.35534e-06	0.000292436	0.000177004	0.000640572	0.000231877	0.000240973	0.00407036	0.000595251	0.000148182	0.00107222	0.000139001	0.00038839	7.48983e-05	0.000155216	0.000128565	0.00014052	9.13534e-05	5.58479e-05	3.78422e-05	9.46141e-06	nan	0.00209966	0.000570207	0.00193813	0.00120602	0.000421603	0.000512318	4.85908e-05	0.00206487	0.00173115	0.00149966	0.777705	0.000132016	0.000650115	2.40092e-05	4.69727e-05	1.17249e-05	3.52113e-05	0.00135427	0.000396928	0.0431131	0.000508918	0.00121663	0.00188016	0.000237035	4.68207e-05	0.00229866	0.00172637	0.000274117	0.000647273	6.5775e-05	5.16482e-05	0.00183672	0.00184147	0.00182969	0.0277591	0.00184461	0.00106359	0.00119275
0.000152725	0.000279824	0.000936302	0.00105726	0.000669175	0.00179682	0.000129411	9.02335e-06	0.000718315	0.00142726	0.002348	0.00148939	0.000177763	1	0.00010205	5.58135e-05	0.000130692	0.000429473	0.00108906	6.33037e-06	0.000176187	1.65454e-05	3.81748e-05	5.92209e-05	0.000352669	6.15961e-05	1.18197e-05	7.09038e-06	0.00015476	0.000270555	2.83879e-05	4.9725e-05	4.72643e-06	2.36297e-06	0.00054661	0.00122821	0.0543198	0.000243887	0.000473685	0.000470306	5.10979e-05	0.000241821	5.32468e-06	6.22405e-06	0.000945557	0.00185973	0.000249846	5.46879e-05	0.00191031	0.00011059	0.000627695	0.081276	4.11531e-06	0.00015969	0.000488825	1.53975e-06	0.000178578	0.00126137	3.84255e-05	7.36044e-05	2.11791e-05	0.000119632	1.81447e-05	0.000248153	2.37925e-06	2.85935e-05	4.78573e-05	0.000299781	4.0044e-05	1.1839e-05	6.6018e-05	3.08075e-05	7.12225e-05	8.3137e-05	1.1839e-05	4.7341e-06	4.7341e-06	0.00463409	2.3668e-06	2.3668e-06	4.7341e-06	2.3668e-06	7.14838e-05	0.000260715	0.00313348	0.000200272	0.000191751	0.000897906	0.000251548	0.000336706	1.16122e-06	0.000737843	0.000688312	0.000409179	7.20742e-06	0.000291222	4.50596e-05	8.00689e-05	8.56627e-06	0.000220309	0.000326138	2.85905e-05	0.00103726	9.79787e-05	0.000272076	0.000277069	nan	1.19041e-05	2.37983e-06	0.000132392	0.00286425	0.00058431	0.00615624	0.000484236	0.000253264	8.35269e-05	2.64337e-05	3.64329e-05	6.25009e-07	0.00118001	6.57764e-07	0.00248006	4.01236e-05	0.00016284	0.000595968	6.23587e-05	0.0135089	0.000203708	0.00020329	6.03959e-07	2.38029e-05	9.51523e-06	4.75663e-06	2.37807e-06	0.00589138	0.000290064	0.00173318	0.00129139	0.000985714	0.000296078	2.01036e-05	0.000451734	0.00019875	7.21758e-08	0.000296087	8.45591e-05	3.90554e-05	7.95176e-05	1.14865e-05	0.00157972	0.000231399	7.14091e-05	9.74016e-06	nan	0.00207846	0.000500763	0.057331	0.00105495	7.23011e-05	0.000780735	0.000750853	0.000721786	0.00235754	0.00138937	0.000172744	0.000133921	0.000424972	0.000171159	4.76504e-05	0.00072822	3.57193e-05	0.0012821	0.000882582	0.00205289	0.000109631	0.0889689	0.00182762	0.000127285	0.000739127	0.00140652	0.00232299	0.000140866	0.000416999	6.64095e-05	5.21465e-05	0.00220591	0.00221107	0.0021983	0.00429433	0.00221431	0.000327045	0.00124823
9.34366e-05	8.0838e-05	0.000498993	0.000199146	0.000296791	3.57045e-05	1.03663e-06	3.33467e-05	1.67785e-05	0.000656953	0.000122044	0.000677091	0.000100599	0.00010205	1	6.86178e-05	2.54283e-05	4.19887e-07	6.72878e-06	7.05268e-05	3.42802e-05	1.11903e-05	2.68236e-05	0.000740526	6.86178e-05	1.19846e-05	2.29973e-06	1.37955e-06	6.44523e-06	1.38341e-05	5.52334e-06	9.67485e-06	9.19608e-07	4.59756e-07	1.94642e-06	3.78995e-07	0.000177593	0.000400031	3.17354e-05	1.00809e-05	1.63012e-05	0.000763281	5.08081e-05	0.000192456	4.81797e-05	0.000128125	0.000360913	0.000331541	3.57259e-06	0.000389732	0.000743918	2.8257e-05	2.672e-05	3.25914e-05	5.72181e-05	7.29297e-06	0.000167769	6.61626e-05	0.0297459	1.5022e-05	7.0142e-05	3.50681e-05	3.30814e-05	0.000219705	1.89147e-05	3.06326e-05	4.24106e-05	6.11828e-05	0.000213345	2.41624e-06	4.73358e-05	6.28755e-06	1.45359e-05	0.000473695	2.41624e-06	9.6619e-07	9.6619e-07	4.83044e-07	4.83044e-07	4.83044e-07	9.6619e-07	4.83044e-07	6.53767e-05	9.64206e-06	0.000194116	2.44354e-05	4.52781e-08	0.000559382	0.000126698	0.000207101	1.69075e-06	0.000275112	2.93372e-05	0.000253371	0.000375678	0.000243743	9.17077e-05	3.64277e-05	4.96353e-05	2.61081e-05	4.17051e-06	5.56241e-06	1.20694e-05	1.90622e-05	5.29335e-05	4.63438e-06	nan	2.31599e-06	4.63006e-07	0.000540586	0.00299975	0.000192067	0.000117243	4.80575e-06	2.54456e-05	1.63269e-05	2.2348e-05	0.000185385	0.000178681	0.000182057	4.77527e-08	3.32496e-05	6.0308e-05	3.18302e-05	0.000224271	2.47683e-05	3.7214e-06	2.71513e-05	2.071e-05	1.91377e-05	4.65272e-06	1.85993e-06	9.29771e-07	4.64837e-07	0.000103551	9.19883e-05	2.77174e-05	2.50055e-05	8.08389e-06	2.08516e-06	1.46063e-05	2.64397e-06	5.2051e-06	8.22445e-05	0.000226656	7.69244e-05	9.82802e-05	9.9501e-07	2.77403e-05	0.000109043	5.36914e-07	0.000116776	1.86779e-06	nan	0.000130868	0.000136236	0.000316388	0.00587959	0.000202991	3.61411e-05	1.95669e-05	0.000689532	0.000122494	0.000651326	0.000127535	2.60552e-05	5.33541e-07	3.62518e-05	0.260227	2.31407e-06	6.9494e-06	0.0195456	4.6571e-07	0.00092239	0.000227062	0.000483718	7.54618e-05	1.01377e-06	1.90837e-05	0.00065723	0.000121925	9.10774e-05	5.8252e-07	1.29816e-05	1.01935e-05	0.0133379	0.0133261	0.0133601	0.000888138	0.0133028	0.000295554	0.00619572
0.000322903	0.00039891	0.000418748	0.000719283	0.000602606	0.000447857	0.000215889	8.16703e-07	0.000592736	0.00089343	0.00164228	0.00197233	0.000166419	5.58135e-05	6.86178e-05	1	0.00017169	0.000508766	1.79359e-05	7.89179e-05	1.40584e-06	0.000167372	1.73669e-06	3.98198e-05	2.50958e-06	4.14169e-05	7.94752e-06	4.76753e-06	2.22738e-05	6.86103e-05	1.90878e-05	0.00015311	3.17802e-06	1.58885e-06	2.33464e-06	8.63509e-05	0.000786818	0.000141387	0.000312728	0.000165446	0.000322053	9.65644e-05	0.000165932	0.00026936	9.66076e-05	0.00119311	1.22743e-06	5.77641e-07	0.000799261	0.000372549	9.34413e-05	6.20601e-05	0.11379	0.000113124	0.000328571	0.0297672	0.000196333	0.00047526	0.000215661	7.00246e-05	0.00710442	7.4392e-07	0.000108039	0.000166791	3.42406e-05	0.000100042	6.58104e-06	4.14962e-05	9.36502e-05	7.89112e-06	1.37836e-05	0.000368032	7.63109e-05	4.93691e-05	0.0354613	3.15544e-06	3.15544e-06	1.57756e-06	1.57756e-06	1.57756e-06	3.15544e-06	1.57756e-06	0.000113089	0.000253127	0.000344623	0.0012142	0.000428805	0.000653789	0.00203244	1.36699e-06	0.000258541	0.0406927	0.000258371	5.49698e-06	0.000866938	4.16753e-05	0.0546883	0.000274188	8.63486e-06	0.000147107	1.43137e-05	1.90908e-05	4.14235e-05	6.54236e-05	0.000181674	1.59057e-05	nan	7.94874e-06	1.58909e-06	5.99282e-05	6.39812e-05	0.000149292	9.09152e-08	0.000359899	4.4947e-06	4.40381e-05	0.000322389	1.29206e-05	0.000171474	0.000120594	6.76055e-06	0.00130381	0.0514165	9.1933e-08	7.15932e-05	0.0232491	1.27725e-05	9.31883e-05	0.000104508	2.44751e-05	1.5969e-05	6.38362e-06	3.19115e-06	1.59541e-06	1.74543e-05	0.000296367	5.62776e-05	0.00221503	3.82699e-05	0.000123854	0.00027935	1.5518e-05	0.000106319	9.22056e-05	9.41047e-05	7.82912e-05	3.49429e-07	0.000160354	8.93734e-05	0.00386895	6.38391e-05	2.20534e-06	6.01763e-06	nan	0.000735332	0.000342256	0.0470982	0.000377692	0.000732843	0.000666192	0.000615979	0.000426303	0.00164892	0.00188758	0.000253462	0.000163542	0.000505615	4.66891e-05	3.20391e-05	7.99734e-06	2.40169e-05	0.000455772	3.54033e-05	0.00285547	0.000580243	0.0651603	0.000493306	0.000216021	0.000612133	0.000892367	0.00164509	0.000314759	0.000503588	4.48639e-05	3.52283e-05	0.000457111	0.000459183	0.000453947	0.00278751	0.000460858	0.00119927	0.00039195
6.48759e-05	9.0013e-05	0.000186948	0.000704161	0.000102057	0.000834188	1.264e-05	8.95079e-05	0.000179674	0.000329526	0.00129781	4.20956e-06	0.000128833	0.000130692	2.54283e-05	0.00017169	1	0.00020688	0.000145897	2.08325e-06	4.39013e-05	3.52366e-05	0.000142757	1.47564e-05	8.78763e-05	1.53482e-05	2.94518e-06	1.76674e-06	8.25417e-06	1.77168e-05	7.07354e-06	1.23902e-05	1.17771e-06	5.88793e-07	3.51905e-05	0.000342966	0.000466418	0.000188713	0.000883232	3.33354e-05	7.09384e-05	0.000147657	2.51848e-05	7.829e-05	0.000152244	0.000131435	3.84722e-05	0.000233417	0.00117348	5.89756e-05	1.81835e-05	7.46847e-06	0.000154713	0.676594	1.61612e-05	2.81949e-05	0.000227441	8.47346e-05	0.00015823	1.92387e-05	3.10214e-06	0.000597411	4.23674e-05	3.60985e-05	0.000281492	3.92313e-05	5.43153e-05	7.8357e-05	3.67248e-05	3.09449e-06	3.61897e-05	8.05248e-06	1.86162e-05	2.17304e-05	3.09449e-06	1.2374e-06	1.2374e-06	6.18636e-07	6.18636e-07	6.18636e-07	1.2374e-06	6.18636e-07	3.73557e-05	0.000835531	0.000367566	0.000646027	4.49626e-06	0.000529745	0.000159291	0.000493918	0.000103216	0.0001876	0.000178586	1.3937e-06	0.000140816	0.000172468	4.98562e-05	6.9953e-05	2.68717e-05	3.28244e-05	5.24338e-06	0.00135233	0.000524576	2.3966e-05	6.65508e-05	5.82658e-06	nan	2.91178e-06	5.82116e-07	4.9562e-05	0.000579769	0.000128132	0.00148481	6.68571e-05	2.78493e-05	2.09094e-05	9.19704e-08	1.90144e-06	0.000507033	0.000391431	0.000138389	0.000233934	0.000716008	0.639993	6.50714e-05	5.82323e-05	4.76589e-06	0.000128345	0.00021173	0.000262867	5.9586e-06	2.38196e-06	1.19073e-06	5.95304e-07	3.57983e-05	1.33855e-06	5.03166e-06	0.000385156	1.72429e-05	0.000120876	0.000653615	1.72966e-05	2.4292e-05	0.000113489	0.00027988	7.45463e-07	0.000740071	7.29035e-06	3.57113e-05	0.000235914	0.000202928	4.85066e-05	2.40449e-06	nan	0.000623807	4.56456e-05	0.000210409	0.000239537	0.000711449	0.000112278	0.000187782	0.000208497	0.00130315	1.52769e-06	0.000163329	0.982041	0.000205716	7.5629e-05	1.18726e-05	2.96355e-06	8.89987e-06	0.00026745	3.42233e-05	0.000110084	0.0302448	0.000138242	0.000794384	1.2583e-05	0.000186433	0.000329122	0.00130111	7.17332e-05	0.000204942	1.66251e-05	1.30545e-05	0.000295204	0.000296189	0.000293718	0.00846189	0.000296917	0.000736826	0.000317923
0.000165906	0.00349495	0.00503169	0.00172937	0.00319196	0.00394852	0.000378015	7.37926e-05	0.000330701	0.00349805	0.00611276	0.00596036	0.000654737	0.000429473	4.19887e-07	0.000508766	0.00020688	1	0.00144807	8.64836e-07	0.000523789	0.00113224	0.000226675	0.000176059	8.94375e-05	3.77516e-06	3.51391e-05	2.10791e-05	9.84809e-05	0.00021138	8.43948e-05	0.000147828	1.40513e-05	7.02492e-06	0.000188309	0.000788487	2.74265e-06	2.85841e-06	0.000561317	6.88433e-06	0.000167743	0.000267421	0.000560141	0.000640485	0.00101354	0.000125637	0.000431806	0.000342593	0.00546482	3.5602e-05	0.000135084	0.000416783	0.000212321	5.46084e-05	1.95055e-07	2.19408e-07	0.0763572	0.000449283	0.0133963	4.2714e-05	0.000249091	0.000187428	0.000156518	0.000263435	7.70375e-05	0.000840371	2.39233e-05	2.59329e-05	2.5684e-05	3.60219e-05	0.000506208	1.89041e-06	5.52932e-05	8.38736e-05	3.60219e-05	1.44042e-05	1.44042e-05	7.20134e-06	7.20134e-06	7.20134e-06	1.44042e-05	7.20134e-06	6.91282e-05	0.00614249	0.000183798	0.0043682	3.38137e-07	4.59523e-05	0.000395009	0.00019297	3.01436e-05	6.25608e-05	0.000131796	7.03226e-07	2.68626e-05	0.000126147	2.14797e-05	0.000218378	2.26312e-05	0.00021937	6.34086e-05	4.8811e-06	3.35491e-05	2.29529e-06	9.38387e-05	0.00443066	nan	3.52124e-05	7.03957e-06	0.000105177	0.00211549	0.000255669	0.00404233	0.0126854	0.000170116	8.22574e-05	0.00018881	0.000426369	0.000966579	0.0012993	0.000145194	0.000178647	0.00039611	5.75066e-05	0.000332059	3.02355e-05	5.65874e-05	3.93169e-08	0.000203015	5.87024e-05	1.66668e-05	2.8282e-05	0.00271341	7.06829e-06	0.00134609	4.89038e-06	0.000183172	0.00514747	0.000208781	0.00204487	0.00178616	0.0006989	2.11369e-05	1.42048e-06	0.000239134	0.0057923	0.000114975	0.00105574	2.2177e-07	0.000206675	0.000389367	4.29628e-05	0.000212067	nan	0.0037645	0.00332919	0.00844455	0.00513459	0.00167478	0.00192285	0.000374795	0.00189574	0.00610971	0.00572598	0.00102877	0.000214708	0.993783	0.000152175	3.31778e-05	3.53042e-05	0.000106022	0.0047441	0.00218072	0.0113218	0.00181559	0.00583205	0.00389093	0.00036561	0.000349719	0.00371288	0.00607752	0.000137915	1	9.2868e-07	0.00015417	0.00729463	0.00731066	0.00727122	0.0132743	0.00732034	0.00521412	0.00484695
